P(a) = 0.08387777564600983
P(b) = 0.008873844697980575
P(c) = 0.032194103722211084
P(d) = 0.0379960387584263
P(e) = 0.17101499241940113
P(f) = 0.01019233515623535
P(g) = 0.009365754157788975
P(h) = 0.007840979087356485
P(i) = 0.07324762664504765
P(j) = 0.006171949043373143
P(k) = 2.9067377170496396E-4
P(l) = 0.053924672937911214
P(m) = 0.030693851997282237
P(n) = 0.07539846830069084
P(o) = 0.05316877687650476
P(p) = 0.02893105622049084
P(q) = 0.011496400117135038
P(r) = 0.06545930062303723
P(s) = 0.08620749346885608
P(t) = 0.06823909396336213
P(u) = 0.06221067861867208
P(v) = 0.0148647537495474
P(w) = 1.2045290291496025E-4
P(x) = 0.004585144334313786
P(y) = 0.002127039585007292
P(z) = 0.001505300649003126
