P(a) = 0.08188631335399933
P(b) = 0.017703046546519895
P(c) = 0.023627206028985992
P(d) = 0.04016243932539339
P(e) = 0.1230056600050325
P(f) = 0.02186374015554834
P(g) = 0.021874181042898472
P(h) = 0.06602764955788062
P(i) = 0.06878195564084601
P(j) = 0.001135446499327085
P(k) = 0.008458684886711152
P(l) = 0.04489842582741422
P(m) = 0.024484402880432
P(n) = 0.0689291721524829
P(o) = 0.0728142263354678
P(p) = 0.01812068204052526
P(q) = 0.0016293004709884284
P(r) = 0.05479325476913632
P(s) = 0.06743090481773865
P(t) = 0.09242221277901966
P(u) = 0.02802281960339245
P(v) = 0.009044418667053675
P(w) = 0.02336931611143768
P(x) = 0.001092638861191535
P(y) = 0.017758383249475606
P(z) = 6.624743023660095E-4
