P(a) = 0.12589473479558408
P(b) = 0.010555359335862947
P(c) = 0.04593322985894865
P(d) = 0.037113064667169994
P(e) = 0.12301084536844117
P(f) = 0.010716295487415118
P(g) = 0.021196587289500374
P(h) = 0.01712133829751154
P(i) = 0.09599085364207152
P(j) = 0.0010093612995000177
P(k) = 1.2475252016292356E-4
P(l) = 0.065302813790392
P(m) = 0.02699784950417624
P(n) = 0.06819642419313202
P(o) = 0.08676132736681454
P(p) = 0.025810810372929028
P(q) = 0.006818184272973636
P(r) = 0.059751056616041985
P(s) = 0.05115879429659561
P(t) = 0.05951235265971293
P(u) = 0.030946725813402635
P(v) = 0.022002348155660902
P(w) = 8.262829257544287E-5
P(x) = 9.251128443250564E-4
P(y) = 1.8901896994382357E-5
P(z) = 0.007047167253705582
